204763900071249053369018007708420106045900070026107340012390708487601200693002010
250000087916085020837264095500040012491370000728516430002401000170803246309607851
480720105205063000096041803650090008100005000037600000802004009379210600041076080
000004308000200000010060000407000000090000083600405172106080234002050019800000006
000906001000013405940507030000000520007000846038260907000000004000034050300702189
608921703123705080000300100792030000534687291010592030365409810201850076987010000
136000280070000065200300001800600000042010790701009028400060000690007050000003004
507029060301040002009038000000463000030050406940800000000700043200086150100000678
004052100200040600509300004328000000900080050006029340107600580092070030080000009
020761800419853007768290105842076950000080740970025086306912470080537269090648500
000124050810506734504070610300087001000015060001640005070400026263001809040962000
080000005070048013000359780007030021090000070401700000005000007200004009004002806
010804027400700619900210805060300900300027006008040000000970501671008294095061700
200003000000950200019800060000570043804060501506000800457000008000000006008100472
419720650608000037300680904103240809000006700860397502000508090285964371906002080
000310000327608500064200003400503001002009070000001049950000036001900000073000400
208014769569000042047002800615000920073006400020700000400071098300408070706030510
624309580397815246158206937713602459005107603902004178531928764279063815806001390
123006000758040160690800250000000570000010806406007000067003000040780090019620007
910307540380412906027905800800000760000000189000071425098120000160754308500690207
687020310510930270029106450908300762741800930206000840000091600065043097093007024
806049703030102400540700006060405300400028007000610008000030074004900531000254809
000047038900531020000800170000005000735010869000378002007052086861090000003080000
000380007000170590000090802007000400006007380089203061900035074040001058802040010
350200900009001200047396081000009720006700345732600090120800450000024803008010670
024690308010007000607500020000179085891000004275000600768000000049062003050008107
975010483100080095382000060000200000090730640030190002000560820006000309000809000
791504030004729150580106040620053070800607009150802063976040085000378692008005004
100064300060000810450900700000000000800003100000208540604380000903000085080040200
207010000800090500365070801004205089000800035002000406008609040950020078010000902
002500000405009700703600150094300007376051000800000030108000006040015078000406500
002000000035479021070500394248007500300008040010294008706913405950846100080720060
000004003090356040003020000000010008085490006920870104209100360004060020058007000
010000040843610209267430005050000138036000020082040090001086052428750003000000080
920040070001005400600710009060090007800300000402050030200009000003001690179286000
062003001030700400098210003600349582005108040080527006256800034003002078870034000
080690003032010006900005420020800790603100008070020600740253860208060354300900100
000150400960324800241070600300002981194030000608910730410200078839000120502601340
745089132090035704602140900384516207000970480950804013120708549508491026400302800
800051200721630540406007000072813690600025370193706820064078053915004080387592010
200800037031507602085036940000005008140603005006100093409300876027900310000004050
210396070000750912000020640072008005806000230050142086081007000035419807729580104
010004030600001005000300204090802500000000040030496780070010003350248000200000000
690007852340000697000509031204030006900006005076204080030650109059401008000700000
700096003300000009406153002613274000508309026209060340130600000007801600865037210
249000085083592467750843002000005040500489100900017600400000590698701230025000071
000460000205708001968021475009006700030200100107000050700980530604102890003057200
631204059729856134485010672570102903096487520008039006952700068843695217167320095
037590010050630802000040053082005300590708004010309507008900201000100000146080700
905160040000030098000800501620910005030020000700308064400000900093605402261493807
782035400409100385300048602508063720000050046040010000000206004627584090054300000
000806731000000980810593600270080060006350028430002509700105096001960007000700214
100063802532070600098004007065720340000040019007800205000000470006007001000416500
007245010500700038000381000020037040406050800708060502153600409260500000800420005
827010500004256080695704312700098120560100498981425637079500860018067203350000901
090430000513000000042010800400807000000500207000042085007280100009006000004973006
030064000628900004074010060041528093253040781069170402596480327080236010312795846
400521807701638094832009106029073080000010005000056072000000709000260400284107000
279050430008907210051000600004160980096070000100408506000340000000010000400805090
009000000530000008624009700908003040002160000410002300001000003000670080750090000
920000040000002800160803902800060000095017083000200419053906108619070204702134506
000400605009008014006352090978030100300200000601940503012063000000004306403790820
000000010006803974418000002047002896502090140603400257300040000004506001800739460
000003206030000000509000083207001900008090020095004000003000500000100490804070601
407030000630210405190000000002080900064900100901063002756091004019000003243005609
403000000000000030070036100019008300006003804040020706000080602000000050520007403
092350684180640275005020193000980367009006401046700029024060008008000906030008540
704020930003006402002090807275604098431709000800050000608900173359167284007230609
013900000807210060004380005739100602480602009000000100006540020000021490040009000
000748035080291670000605980009126307003987461007300298206000819401860000938012746
490132508000000900030008201201906004340815792759043016023409100974381625168527009
053470109409000008172060345687251090295300007010090250548900671730000982000007530
002105003079600002054200080968700034205304070000908120000030010001820000003090065
074000062090006015000912074481009700906000280000080000243800500610270408057004006
070345180005000327000071504007190000030600971200800050000510000019020640006480203
028000045501904000000700612900000007850070009010300804370016400005002370640000090
108060003070000000062300000026890050000200380007004001040010006000000517001000200
150089607207035040000041200029004000000920005048000000000007006080006720675000310
090026100006005002700000400002304600978102534403809217009010700650240090201007806
839402005000908031700060920002300080400201570070000014000006002003720006200804350
002000000003090675090065420349070010170820054200904060907108500805640397600000080
285006300000000801106904025052069017007028509391457680640092000020841900010070040
080002500045100069060080003001700004030509026000006007508000090300000000000020000
801000050245700360900000000060930080500000070084200000000000120092146508008325690
000903000200600008013800050308520761004700300001396000800000500000060000500009023
036092004491658030872403605023987046907304182684521073315876420009135768768209350
006200005010000270000650009759010000062090351000000490000900002500038000804760003
070000500200007000900521300801374600003250007050010439000785003080000000030640005
214605070086003010350048009400086090000051048070004300009000230061400980703019500
700800004000000080020001060000046197003000000490080000000960008000103050004208600
030415700040700600008630015050870002680093570020540006317004000000000904092368007
006027504204800760500406030000601009061008002005000410000160900912030080643089007
806572413325109000070006295600091300940600781210384000004007108100200670700408509
401320685806014370002500090000160040010040058500200900304001500900000830000600420
502430017834517029001086354300725090287190006100863042700058060013672900058941073
890007620004000300007364080000080006005002731070000058000921003021806497000000010
070000849004060200530000600481207950000508010050614080390476008120080060600025093
031920568000083001800605904004068059680100072009702683205000046000000017060200090
900200607000609020010003500092046075570320000063000018127085900650901040340060850
436020710900007050050091400040700130300210000189040002061073004003160890790050001
096051000453069070001834060060047123010000507500000090607400009100000750200006008
003000900007098460000207000000000010084526030000071804706004000415002300308059000
760902483394006215128345967973628041681754392542130806217000600839061720456087139
200601490380274601000085002573016049900000800006020000008043026100000000400008035
000000905000900082000000010040013250700520894256800130805000001600470300024600000
000004280518060734320008009000803056805016300000025891100250060009041572050600000
590824060001750490040030000004690003106203080800000600910080200000060010062009870
031090000200000036000007051004002300003760428902010000300478100057026803490050002
670050082284907153091800407807205309035700608912680705120000500346508271009004036
406000002530906807078000500001280000000500000024700165000020030100370050000005009
004028001010000000307400080000070000006000005702005060800300072020100006400802500
137048259000593167960271384620785490801924630594310008386057902012860073759030010
036000704081007620290360185070081350153729846860500970005096408310000200609830510
097054008000810000400000001000041006000625700004987500809003000651092000200070065
208003000000240500009080003700900004064002070001000608607400090090070300385609010
005200000003060401640903002320580000001030249000040800060350104058096320000721658
672010958301000000450670231013900840005800760026400510087100624034080000009502007
300050000540200890192307500200009000070513902009072435700100060000030250620400108
003620090000005000057819600985000023000080100001703006040158300062937485500000071
075406080410728006380590004040970002000842017907603500800050000000284090750109020
008004902029100300006309748080046150097015234145030000371002090002690003060700501
403000005527640000900000001309800050000000300604900000040005930890060072700108000
900503000548200300036700009009000610260180905701094023000000032005400090307020080
810009007700100052043200901000800004004005009000060570600400095400050010020300006
206579000000080700089000500005098670003000210004020005000900050008056000057030049
580004003100082000000315682638520470904600028001800300005000931706103805000058007
004700025100800740700423090460208930903047800000600500340970650000050200000000009
650001402270609015143057896805764020437092108902308507580106230020980650006405000
400020050030000240085730900091008605000900030052000000520007080070306000100802709
190042000004801920800607100081903465407205010560104007720008690048710052603509704
205800000008000100060310005090000000000204803000079006006000702300005010829001000
172060000649018000005000009208090013300005070900030200020370090503002000000400001
000000700030007800687902300001000080000400013300500200900270000010003469063000020
871930652050000009000160700090007060000200003760840021049000200200000007507300090
400305902839120570206007800500018003600509180070600400000900000005003000900000006
000296000001008500027050000000013000700920008506070000048500107002040896000082000
100000000208500070009000601081605029030000000706209000000103040300008150010000736
000701250105600009729534108406309020072150630001000087240900015097815302500027800
027158000300620800000094000003070500905000000702001400430000960000460000280003000
003002107040060003200075090320000009000001340108900000600020804800700900000010035
000000840859461372000007590006024903025600184903108627000200060002875419007006030
080703905070008634413065087806379102007004000009850760560400000300582000724100090
100900500002015007860070030008000309000180054470090000090730000050000100080052400
002000708801049000059600030907180300000006520465370009270900010586210900003864070
924000007030940100001702090702009008005004203040000015108405702400120509250873601
860030045005160039700050006090075320080429057070018960900040673017096000200700001
056901047807400061134200050000310806001895470300604105000560084000009632002730010
054002608628154070107630002802560300731009405965740800070806154000407039000320080
